579121
741854
896170
762626
872783
924777
18994
727027
632571
789328
854139
608780
619528
955660
699947
274062
695137
500614
724391
626794
81799
669241
232451
975215
311814
625595
113396
978415
64842
575836
491216
406808
93851
924473
341926
390929
483818
391468
19346
364122
681377
751333
970923
356658
705341
713825
309062
968743
143767
518828
528825
593776
731499
277390
182067
948996
33521
424519
426115
679892
314028
295462
313221
295178
870373
679858
929271
228110
31386
620268
696398
826585
369521
864368
489559
459143
724881
414975
898227
709575
397483
138189
232028
821407
410891
641923
259957
909380
726385
130085
594449
724332
773252
337170
821967
56060
823055
43846
813835
329661
406997
684813
67245
538782
514275
854015
5186
162927
991443
59517
893680
485758
805898
713699
68666
953266
841478
285690
110051
573354
34462
429850
312341
15974
876240
519703
902062
841683
189066
130579
254979
97365
668963
321516
65967
412876
865913
587348
122059
481805
28648
126241
678087
378982
579470
496862
597760
236072
356473
469153
232614
379103
146592
443503
341438
198969
951528
305720
278648
49781
357748
176873
7910
474940
717836
869036
970631
225741
879121
658971
68016
18261
311120
676761
962649
14737
520495
321504
537390
418520
487533
58265
831039
122609
185248
566553
391277
146281
69157
873923
322678
162588
137239
220713
2533
858212
694641
175369
996940
306865
671169
977476
423162
497706
167477
709864
767453
560521
382282
691586
447117
15206
48179
997635
599622
460765
682915
194423
972791
713830
495416
162767
983975
893593
863799
612682
495518
796980
776721
475310
16358
466770
330285
523255
272439
400944
486092
490581
204618
393475
440083
619519
106288
817287
187479
582915
185371
620059
200814
892700
855211
258964
568810
805475
527313
154634
696009
678736
76396
633428
165743
758153
425014
668144
153287
903784
494822
632370
728618
419982
937777
791464
545201
6195
952132
41887
5282
327196
951136
457340
461446
804306
666806
80327
258
67266
350129
798283
205171
636584
224046
957857
780370
146055
556170
652721
676409
412691
517364
463984
507368
332899
419374
421071
818870
750210
945975
554151
583250
767663
297807
352438
870764
294668
963791
976384
491787
141168
108031
627132
384346
124592
138205
328782
809778
104546
6949
814673
274879
403459
109855
603829
699674
385898
338331
732246
785567
375731
530026
877570
381692
664548
947980
735879
54635
395255
288690
129412
916832
322091
906795
743537
809169
550684
470210
349764
54230
628211
793730
533268
520470
513816
390021
590604
621642
560969
32544
464091
130956
59443
47671
938543
898711
973126
124365
186900
153524
481528
372235
741979
803698
14588
349473
493897
807644
306180
882641
576501
109688
810692
34487
961119
848056
376122
985510
180786
604399
846220
347186
810436
672396
905546
156825
455471
761456
462640
753109
874190
193960
574097
96507
675743
329083
47810
901488
589641
519176
386934
87958
250415
587622
95849
787587
380024
338510
36732
755930
757688
961685
583852
297166
986471
357925
264220
467016
879063
507172
15272
475997
308626
631870
899147
78503
77945
942363
228782
125436
854186
955602
456954
715414
917777
315106
421654
280645
808771
223751
898772
237543
123800
968380
331288
884046
200813
348363
883578
531891
778110
760752
879157
806212
343198
94032
14222
914802
174828
652703
814831
127185
839789
94775
228491
998173
35751
898242
321650
275111
626837
604597
897517
98355
3697
174692
654676
501440
681348
346758
446960
906360
919873
525891
103448
924829
745609
615517
226593
451528
116266
13199
525967
531545
214470
854703
821167
208456
946773
66314
225244
185698
87633
422430
870364
987360
651603
301862
788825
468240
959134
48237
728179
558512
880401
718682
117946
708442
174097
379257
477271
767871
185066
433242
887042
718605
385121
483298
708712
247799
362112
308282
305915
529176
275833
371049
162380
62817
151783
690528
659673
491406
414786
828679
656845
996690
854116
540779
434300
844253
207505
187046
167348
805734
425725
24832
959469
318673
209129
109320
219058
427842
762258
342787
440760
977995
672389
756240
784275
278236
470061
431493
690202
270946
661002
444618
163497
852508
527002
392687
962104
122483
947053
585841
840262
724475
657757
403848
29699
445571
615055
784097
864887
603891
542973
455858
140219
534299
182585
106386
338705
446095
823663
816501
370021
939067
806541
413342
664575
200394
690146
438894
945108
690601
826223
524249
646043
364827
882349
635904
236272
458402
294657
282969
480364
766282
330781
427345
951246
796476
905141
83306
960466
701041
204810
349170
810246
330734
34867
836744
508104
187344
787180
651296
549369
951808
646597
105128
609049
603033
539460
345438
259886
606734
254907
595704
751487
508627
840672
882397
116872
949166
657455
193154
443805
599861
528050
168678
106732
374580
754894
396336
246024
986857
864721
644912
738073
95217
748818
313847
310801
400605
693270
755488
789980
283027
115020
822044
622997
286514
76858
138356
146066
704877
487546
267093
777868
64394
200145
327955
430149
885820
54065
323675
413927
97710
694590
308741
629938
433952
27126
607576
3852
799718
391275
180544
753554
270645
662388
665611
391058
634170
550932
819200
532955
888339
341898
773965
196286
493108
335466
32436
399496
63928
657704
700811
227095
707611
515727
699264
179352
697187
821482
430174
464120
47135
929066
25356
580600
81180
641256
253876
396889
514035
928651
43846
130434
799443
881766
11404
170317
875274
786653
375465
165746
696680
241467
221131
306991
706003
775678
972840
57317
178246
892362
797517
632504
598870
926426
460510
959304
234585
466934
950030
596185
922938
583895
602493
278960
465460
564133
304166
170045
20096
899276
751463
564805
980634
118494
205569
31621
49927
749995
407061
444702
756771
494330
218425
138212
709231
960822
67282
784992
536978
192983
579815
220810
918533
603515
149761
262279
740286
920051
745357
609394
579131
456054
282989
284467
937031
85183
257637
843145
992709
559725
847185
846674
477661
801430
326045
121513
630807
823496
451744
308598
13402
206880
920522
86451
81311
454884
587276
639724
66468
662499
84891
621467
956902
327749
258576
435023
478722
889673
319020
893906
264367
847373
721176
542782
271738
548551
255844
496844
993069
185319
486098
439854
592434
587824
444737
576805
271670
685759
725289
15286
806085
978781
804498
870124
949006
789732
67300
161365
199947
858765
476843
44337
759141
54745
151269
677440
358777
125971
855170
574980
275433
346087
943070
655670
540535
267195
149077
192360
644991
512050
327999
201388
199817
23633
794276
804419
718403
947961
892681
44965
146748
965825
736082
232699
596341
862660
408188
826825
51941
817952
378982
369038
211335
766416
818904
422443
570480
793237
272908
490049
814515
26767
471687
530947
542414
578599
11692
175134
156516
275703
312074
722613
604329
220445
398055
631671
428905
832369
686899
447143
96717
315033
798632
7059
938335
143643
993258
251908
933713
401547
791253
256888
22752
860219
282346
678754
24952
659551
